2 0.104297 0.504167 0.139844 0.144444
2 0.181250 0.677778 0.203125 0.150000
2 0.270703 0.814583 0.174219 0.195833
2 0.731641 0.232639 0.172656 0.195833
2 0.894531 0.379861 0.171875 0.145833
2 0.816406 0.638889 0.200000 0.202778
2 0.645703 0.811806 0.142969 0.181944
2 0.807422 0.878472 0.200781 0.206944
2 0.615625 0.511111 0.150000 0.252778
2 0.416797 0.537500 0.160156 0.183333
2 0.390625 0.159028 0.214062 0.156944
2 0.466406 0.434028 0.151562 0.176389
2 0.316797 0.324306 0.161719 0.187500
2 0.132813 0.157639 0.143750 0.137500
